

Picasso

Rule                            Difference from Average  conf            supp            lift
----------------------------  -------------------------  --------------  --------------  -------------
[128 128 128]->[76 128 128]                        0.46  N/A             N/A             N/A
[128 179 179]->[76 128 128]                        0.46  N/A             N/A             N/A
[76 76 128]->[76 128 128]                          0.46  N/A             N/A             N/A
[76 128 128]->[128 128 128]                        0.46  N/A             N/A             N/A
[76 128 128]->[76 76 128]                          0.46  N/A             N/A             N/A
[76 128 128]->[128 179 179]                        0.46  N/A             N/A             N/A
[76 76 76]->[128 128 128]                          0.44  0.788484156132  0.508333325386  1.41412913799
[128 128 128]->[76 76 76]                          0.44  0.911684811115  0.508333325386  1.4141292572
[128 128 128]->[128 179 179]                       0.42  N/A             N/A             N/A
[128 179 179]->[128 128 128]                       0.42  N/A             N/A             N/A


Valentin Zubiaurre

Rule                            Difference from Average  conf    supp    lift
----------------------------  -------------------------  ------  ------  ------
[76 76 76]->[128 128 128]                          0.64  N/A     N/A     N/A
[128 128 128]->[76 76 76]                          0.64  N/A     N/A     N/A
[179 179 179]->[128 128 128]                       0.52  N/A     N/A     N/A
[128 128 128]->[179 179 179]                       0.52  N/A     N/A     N/A
[128 128 128]->[76 128 128]                        0.46  N/A     N/A     N/A
[128 179 179]->[76 128 128]                        0.46  N/A     N/A     N/A
[76 76 128]->[76 128 128]                          0.46  N/A     N/A     N/A
[76 128 128]->[128 128 128]                        0.46  N/A     N/A     N/A
[76 128 128]->[76 76 128]                          0.46  N/A     N/A     N/A
[76 128 128]->[128 179 179]                        0.46  N/A     N/A     N/A


Monet

Rule                                                                  Difference from Average      conf      supp      lift
------------------------------------------------------------------  -------------------------  --------  --------  --------
[76 128 128]->[179 179 179]                                                              0.76  0.671785  0.507246  0.935483
[128 128 128] [179 179 179]->[128 179 179]                                               0.76  0.850656  0.61087   1.23699
[128 179 179] [76 76 76]->[128 128 128] [179 179 179] [76 128 128]                       0.76  0.669761  0.365942  1.32039
[76 76 128] [76 128 128]->[128 128 128]                                                  0.76  0.991753  0.348551  0.998992
[76 76 76]->[128 179 179] [128 128 128] [179 179 179]                                    0.76  0.550296  0.471739  0.90084
[128 179 179] [128 128 128] [179 179 179]->[76 76 76]                                    0.76  0.772242  0.471739  0.90084
[128 179 128] [128 128 128] [179 179 179]->[128 179 179]                                 0.76  0.981728  0.428261  1.42759
[76 76 76] [179 179 179] [76 128 128]->[128 179 179]                                     0.76  0.808     0.365942  1.17496
[128 128 128] [76 76 76]->[128 179 179] [179 179 179]                                    0.76  0.554987  0.471739  0.90852
[128 179 128] [128 179 179]->[179 179 179]                                               0.76  0.968852  0.428261  1.34916


van Gogh

Rule                                   Difference from Average      conf      supp      lift
-----------------------------------  -------------------------  --------  --------  --------
[76 128 128]->[25 76 76] [76 76 76]                       0.8   0.49183   0.303427  1.58665
[76 76 76] [76 128 128]->[25 76 76]                       0.8   0.970968  0.303427  1.57386
[25 76 76]->[76 76 76] [76 128 128]                       0.8   0.49183   0.303427  1.57386
[25 76 76] [76 76 76]->[76 128 128]                       0.8   0.978862  0.303427  1.58665
[76 76 76]->[25 76 76] [76 128 128]                       0.8   0.54927   0.303427  0.911164
[25 76 76] [76 128 128]->[76 76 76]                       0.8   0.503344  0.303427  0.911164
[76 128 128]->[25 76 76]                                  0.8   0.977124  0.602823  1.58384
[25 76 76]->[76 128 128]                                  0.8   0.977124  0.602823  1.58384
[76 76 76]->[25 76 76]                                    0.76  0.561131  0.30998   0.909546
[25 76 76]->[76 76 76]                                    0.76  0.502451  0.30998   0.909546


Joan Massanet

Rule                                          Difference from Average  conf            supp            lift
------------------------------------------  -------------------------  --------------  --------------  -------------
[179 128 128]->[128 128 128]                                     0.66  0.625850319862  0.331531524658  1.11151015759
[179 128 128]->[179 179 179]                                     0.66  0.612244904041  0.324324309826  1.12329232693
[128 128 128]->[179 128 128]                                     0.66  0.588800013065  0.331531524658  1.11151015759
[179 179 179]->[179 128 128]                                     0.66  0.595041334629  0.324324309826  1.12329220772
[179 179 179]->[128 128 128]                                     0.48  0.847933888435  0.462162166834  1.50593054295
[128 128 128]->[179 179 179]                                     0.48  0.82080000639   0.462162166834  1.50593054295
[230 179 179] [179 179 179]->[179 128 128]                       0.4   0.728947341442  0.319124430418  1.47833251953
[76 76 76]->[76 128 128]                                         0.4   N/A             N/A             N/A
[179 128 128]->[230 179 179] [179 179 179]                       0.4   0.647196233273  0.319124430418  1.47833251953
[179 179 179]->[230 179 179] [179 179 128]                       0.4   0.514774501324  0.381336390972  1.34585618973
